
--------------------- Simulation ---------------------
scale: 5.0
time_bin_size: 1
nb_input_copies: 32
tau_mem: 0.02
tau_ratio: 2.0
fwd_weight_scale: 1.0
weight_scale_factor: 0.01
reg_spikes: 0.004
reg_neurons: 1e-06
learningRate: 0.01
nb_epochs: 300.0
n_param_values: 10
batch_size: 100.0
rank_NMF: 10.0
min_range: -1000
max_range: 1000
neuron_id: 4.0
nb_channels: 12
labels: tensor([0, 0, 0, 0, 0, 0, 0, 0, 0, 0, 0, 0, 0, 0, 0, 0, 0, 0, 0, 0, 0, 0, 0, 0,
        0, 0, 0, 0, 0, 0, 0, 0, 0, 0, 0, 0, 0, 0, 0, 0, 0, 0, 0, 0, 0, 0, 0, 0,
        0, 0, 0, 0, 0, 0, 0, 0, 0, 0, 0, 0, 0, 0, 0, 0, 0, 0, 0, 0, 0, 0, 0, 0,
        0, 0, 0, 0, 0, 0, 0, 0, 0, 0, 0, 0, 0, 0, 0, 0, 0, 0, 0, 0, 0, 0, 0, 0,
        0, 0, 0, 0, 0, 0, 0, 0, 0, 0, 0, 0, 0, 0, 0, 0, 0, 0, 0, 0, 0, 0, 0, 0,
        0, 0, 0, 0, 0, 0, 0, 0, 0, 0, 0, 0, 0, 0, 0, 0, 0, 0, 0, 0, 0, 0, 0, 0,
        0, 0, 0, 0, 0, 0, 0, 0, 0, 0, 0, 0, 0, 0, 0, 0, 0, 0, 0, 0, 0, 0, 0, 0,
        0, 0, 0, 0, 0, 0, 0, 0, 0, 0, 0, 0, 0, 0, 0, 0, 0, 0, 0, 0, 0, 0, 0, 0,
        0, 0, 0, 0, 0, 0, 0, 0])
data_steps: 255
optimizer: Adamax

--------------------- Neuron params ---------------------
a: [0. 0. 0. 0. 0. 0. 0. 0. 0. 0.]
A1: [0. 0. 0. 0. 0. 0. 0. 0. 0. 0.]
A2: [0. 0. 0. 0. 0. 0. 0. 0. 0. 0.]
b: [10. 10. 10. 10. 10. 10. 10. 10. 10. 10.]
G: [50. 50. 50. 50. 50. 50. 50. 50. 50. 50.]
k1: [200. 200. 200. 200. 200. 200. 200. 200. 200. 200.]
k2: [20. 20. 20. 20. 20. 20. 20. 20. 20. 20.]
gain: tensor([-10.0000,  -7.7778,  -5.5556,  -3.3333,  -1.1111,   1.1111,   3.3333,
          5.5556,   7.7778,  10.0000], device='cpu')
